19 27 27 27 27 27 27 27 27 27 27 27 27 27 27 27 27 27 27 27 27 27 27 27 27 19 
19 -1 -1 -1 -1 -1 -1 -1 -1 -1 -1 -1 -1 -1 -1 -1 -1 -1 -1 -1 -1 -1 -1 -1 -1 19 
19 -1 -1 -1 -1 -1 -1 -1 -1 -1 -1 -1 -1 -1 -1 -1 -1 -1 -1 -1 -1 -1 -1 -1 -1 19 
19 -1 -1 -1 -1 -1 -1 -1 -1 -1 -1 -1 -1 -1 -1 -1 -1 -1 -1 -1 -1 -1 -1 -1 -1 19 
19 19 19 19 19 19 19 28 -1 -1 28 19 19 19 19 28 -1 -1 28 19 19 19 19 19 19 19 
24 28 24 19 26 28 26 34 39 39 34 24 -1 -1 26 34 39 39 34 24 28 24 35 26 28 26 
24 34 30 -1 32 34 26 34 -1 -1 34 30 -1 -1 32 34 -1 -1 34 24 34 30 41 32 34 26 
24 34 -1 -1 -1 34 26 34 -1 -1 34 -1 -1 -1 -1 34 -1 -1 34 24 34 -1 -1 -1 34 26 
24 34 -1 -1 -1 34 26 34 -1 -1 34 -1 -1 -1 -1 34 -1 -1 34 24 34 -1 -1 -1 34 26 
24 40 -1 -1 -1 40 26 40 -1 -1 40 -1 -1 -1 -1 40 -1 -1 40 24 40 -1 -1 -1 40 26 
24 -1 -1 -1 -1 -1 -1 -1 -1 -1 -1 -1 -1 -1 -1 -1 -1 -1 -1 -1 -1 -1 -1 -1 -1 26 
24 -1 -1 -1 -1 -1 -1 -1 -1 -1 -1 -1 -1 -1 -1 -1 -1 -1 -1 -1 -1 -1 -1 -1 -1 26 
24 -1 -1 -1 -1 -1 -1 -1 -1 -1 -1 -1 -1 -1 -1 -1 -1 -1 -1 -1 -1 -1 -1 -1 -1 26 
24 -1 -1 -1 -1 -1 -1 -1 -1 -1 -1 -1 -1 -1 -1 -1 -1 -1 -1 -1 -1 -1 -1 -1 -1 26 
24 -1 -1 -1 -1 -1 -1 -1 -1 -1 -1 -1 -1 -1 -1 -1 -1 -1 -1 -1 -1 -1 -1 -1 -1 26 
24 -1 -1 -1 -1 -1 -1 -1 -1 -1 -1 -1 -1 -1 -1 -1 -1 -1 -1 -1 -1 -1 -1 -1 -1 26 
24 -1 -1 -1 -1 -1 -1 -1 -1 -1 -1 -1 -1 -1 -1 -1 -1 -1 -1 -1 -1 -1 -1 -1 -1 26 
24 -1 -1 -1 -1 -1 -1 -1 -1 -1 -1 -1 -1 -1 -1 -1 -1 -1 -1 -1 -1 -1 -1 -1 -1 26 
36 36 36 36 36 36 36 36 36 36 36 36 19 31 36 36 36 36 36 36 36 36 36 36 36 36 
19 19 19 19 19 19 19 19 19 19 19 19 19 19 19 19 19 19 19 19 19 19 19 19 19 19 
