53 48 49 49 49 49 49 49 49 49 49 49 49 49 49 49 49 49 49 49 49 49 49 49 50 53 
53 54 55 55 55 55 55 55 55 55 55 55 55 55 55 55 55 55 55 55 55 55 55 55 56 53 
53 54 55 55 55 55 55 55 55 55 55 55 55 55 55 55 55 55 55 55 55 55 55 55 56 53 
53 60 61 61 61 61 61 52 55 55 51 61 61 61 61 52 55 55 51 61 61 61 61 61 62 53 
64 53 53 53 53 53 53 60 61 61 62 53 53 53 53 60 61 61 62 53 53 53 53 53 53 53 
63 59 65 53 65 59 59 63 3 3 63 65 55 55 65 63 3 3 63 63 59 65 53 65 59 63 
63 63 59 53 59 63 59 63 3 3 63 59 55 55 59 63 3 3 63 63 63 59 53 59 63 63 
63 63 53 53 53 63 59 63 23 23 63 48 49 49 50 63 23 23 63 63 63 53 53 53 63 63 
63 63 53 53 53 63 59 63 23 23 63 54 55 55 56 63 23 23 63 63 63 53 53 53 63 63 
63 63 53 53 53 63 59 63 35 35 63 54 55 55 56 63 35 35 63 63 63 53 53 53 63 63 
53 53 48 49 49 49 49 49 49 49 49 58 55 55 57 49 49 49 49 49 49 49 49 50 53 53 
53 53 54 55 55 55 55 55 55 55 55 55 55 55 55 55 55 55 55 55 55 55 55 56 53 53 
53 53 60 61 61 61 61 61 61 61 61 52 55 55 51 61 61 61 61 61 61 61 61 62 53 53 
53 53 53 53 53 53 53 53 53 53 53 54 55 55 56 53 53 53 53 53 53 53 53 53 53 53 
53 53 53 53 53 53 53 53 53 53 53 54 55 55 56 53 53 53 53 53 53 53 53 53 53 53 
53 53 53 53 53 53 53 53 53 53 53 54 55 55 56 53 53 53 53 53 53 53 53 53 53 53 
53 53 53 53 53 53 53 53 53 53 53 54 55 55 56 53 53 53 53 53 53 53 53 53 53 53 
53 53 53 53 53 53 53 53 53 53 53 60 61 61 62 53 53 53 53 53 53 53 53 53 53 53 
0 0 0 0 0 0 0 0 0 0 -1 -1 0 0 0 0 0 0 0 0 0 0 0 0 0 0 
0 0 0 0 0 0 0 0 0 0 -1 -1 0 0 0 0 0 0 0 0 0 0 0 0 0 0 
