19 19 19 19 19 19 19 19 19 19 19 19 19 19 19 19 19 19 19 19 -1 
19 29 29 29 29 29 1 0 29 29 29 29 0 1 29 29 29 29 29 19 -1 
19 19 19 29 29 29 12 13 29 29 29 29 12 13 29 29 29 29 29 19 -1 
19 -1 -1 29 29 29 29 29 29 29 29 29 29 29 29 27 27 27 27 19 -1 
19 -1 -1 -1 -1 -1 -1 -1 -1 -1 -1 -1 -1 -1 -1 -1 -1 -1 -1 19 -1 
19 -1 -1 -1 -1 -1 -1 -1 -1 -1 -1 -1 -1 -1 -1 -1 -1 -1 -1 19 -1 
19 -1 -1 -1 -1 -1 -1 -1 -1 -1 -1 -1 -1 -1 -1 -1 -1 -1 -1 19 -1 
19 -1 -1 -1 -1 -1 -1 -1 -1 -1 -1 -1 -1 -1 -1 -1 -1 -1 -1 19 -1 
19 -1 -1 -1 -1 -1 -1 -1 -1 -1 -1 -1 -1 -1 -1 -1 -1 -1 -1 19 -1 
19 -1 -1 -1 -1 -1 -1 -1 -1 -1 -1 -1 -1 -1 -1 -1 -1 -1 -1 19 -1 
19 -1 -1 -1 -1 -1 -1 -1 -1 -1 -1 -1 -1 -1 -1 -1 -1 -1 -1 19 -1 
19 -1 -1 -1 -1 -1 -1 -1 -1 -1 -1 -1 -1 -1 -1 -1 -1 -1 -1 19 -1 
19 -1 -1 -1 -1 -1 -1 -1 -1 -1 -1 -1 -1 -1 -1 -1 -1 -1 -1 19 -1 
19 -1 -1 -1 -1 -1 -1 -1 -1 -1 -1 -1 -1 -1 -1 -1 -1 -1 -1 19 -1 
19 19 19 19 -1 19 19 19 19 19 19 19 19 19 19 19 19 19 19 19 -1 
19 19 19 19 2 19 19 19 19 19 19 19 19 19 19 19 19 19 19 19 -1 
