-1 -1 -1 -1 -1 -1 -1 -1 -1 -1 -1 -1 -1 -1 -1 -1 35 -1 -1 -1 -1 -1 -1 -1 -1 
-1 -1 -1 -1 -1 -1 -1 -1 -1 -1 -1 -1 -1 -1 40 -1 41 -1 -1 -1 -1 -1 -1 -1 -1 
-1 -1 102 103 104 -1 -1 -1 -1 -1 -1 102 103 104 -1 46 47 -1 -1 102 103 104 -1 -1 -1 
-1 -1 108 109 110 -1 -1 -1 -1 -1 -1 108 109 110 -1 52 53 -1 -1 108 109 110 -1 -1 -1 
-1 -1 114 115 116 -1 -1 -1 -1 -1 -1 114 115 116 -1 58 59 -1 -1 114 115 116 -1 -1 -1 
-1 -1 120 121 122 -1 -1 -1 -1 -1 -1 120 121 122 -1 64 65 -1 -1 120 121 122 -1 -1 -1 
-1 -1 126 127 128 -1 -1 -1 -1 -1 -1 126 127 128 -1 70 71 -1 -1 126 127 128 -1 -1 -1 
-1 -1 -1 -1 -1 -1 -1 -1 -1 -1 -1 -1 -1 -1 -1 -1 -1 -1 -1 -1 -1 -1 -1 -1 -1 
-1 -1 -1 -1 -1 -1 -1 -1 -1 -1 -1 -1 -1 -1 -1 -1 -1 -1 -1 -1 -1 -1 -1 -1 -1 
-1 -1 -1 -1 -1 -1 -1 1 2 3 1 -1 -1 -1 -1 -1 -1 -1 -1 -1 -1 -1 -1 -1 -1 
-1 -1 -1 -1 -1 -1 -1 7 8 9 10 -1 -1 -1 -1 -1 -1 -1 -1 -1 -1 -1 -1 -1 -1 
-1 -1 82 -1 -1 -1 -1 102 103 104 104 -1 -1 -1 -1 -1 -1 -1 -1 -1 -1 -1 -1 -1 -1 
-1 -1 82 -1 -1 -1 -1 66 -1 -1 69 -1 -1 -1 -1 -1 -1 -1 -1 -1 -1 76 -1 -1 -1 
-1 -1 76 -1 -1 -1 -1 72 -1 -1 75 -1 -1 -1 -1 -1 -1 -1 -1 -1 -1 76 -1 -1 -1 
-1 -1 82 -1 -1 -1 -1 -1 -1 -1 -1 -1 -1 -1 -1 -1 -1 -1 -1 -1 -1 82 -1 -1 -1 
-1 -1 88 82 82 82 -1 -1 -1 -1 -1 -1 -1 82 82 82 -1 -1 82 82 82 88 -1 -1 -1 
-1 -1 -1 -1 -1 -1 -1 -1 -1 -1 -1 0 5 -1 -1 -1 -1 -1 -1 -1 -1 -1 -1 -1 -1 
