0 0 0 0 0 0 0 0 0 0 0 0 0 0 0 0 0 0 0 0 0 0 0 0 -1 
0 0 0 0 0 0 0 0 0 0 0 0 0 0 0 0 0 0 0 0 0 0 0 0 -1 
0 0 0 0 0 0 0 0 0 0 0 0 0 0 0 0 0 0 0 0 0 0 0 0 -1 
0 0 0 0 0 0 0 0 0 0 0 0 0 0 0 0 0 0 0 0 0 0 0 0 -1 
0 0 0 0 0 0 0 0 0 0 0 0 0 0 0 0 0 0 0 0 0 0 0 0 -1 
0 0 0 0 0 0 0 0 0 0 0 0 0 0 0 0 0 0 0 0 0 0 0 0 -1 
0 0 45 45 45 45 53 53 53 53 53 53 53 53 53 53 53 53 53 0 0 0 0 0 -1 
0 0 53 53 53 53 53 53 53 53 53 53 53 53 53 53 53 53 53 53 53 53 0 0 -1 
0 0 53 53 53 53 53 53 53 53 53 53 53 53 53 53 53 53 53 53 53 53 0 0 -1 
0 0 53 53 53 53 53 53 53 53 53 53 53 53 53 53 53 53 53 53 53 53 0 0 -1 
0 0 53 53 53 53 53 0 53 53 0 53 53 53 53 53 53 53 53 53 53 53 0 0 -1 
0 0 0 53 53 53 53 53 53 53 0 53 53 53 53 53 53 53 53 53 53 53 0 0 -1 
0 0 53 53 53 53 53 53 44 44 53 53 53 53 53 53 53 53 53 53 53 0 0 0 -1 
0 0 53 53 53 53 53 53 53 53 53 53 53 53 53 53 53 53 53 53 53 53 0 0 -1 
0 0 0 53 53 53 53 53 53 53 53 53 53 53 53 53 53 53 53 53 53 53 0 0 -1 
0 0 0 53 53 53 53 53 53 53 53 53 53 53 53 53 53 53 0 0 0 0 0 0 -1 
0 0 0 0 0 0 0 0 0 0 0 53 53 53 0 0 0 53 0 0 0 0 0 0 -1 
