0 0 0 0 0 0 0 0 0 0 0 0 0 0 0 0 0 0 0 0 0 0 0 0 0 0 0 0 
0 0 0 0 0 0 0 0 0 0 0 0 0 0 0 0 0 0 0 0 0 0 0 0 0 0 0 0 
0 0 0 0 0 0 0 0 0 0 0 0 0 0 0 0 0 0 0 0 0 0 0 0 0 0 0 0 
0 0 32 0 0 0 32 0 0 0 0 0 32 0 0 0 32 0 0 0 0 0 32 0 0 0 32 0 
3 3 32 3 3 0 32 0 0 0 0 0 32 0 0 0 32 0 0 0 0 0 32 0 0 0 32 0 
53 53 53 53 53 53 53 53 53 53 53 53 53 53 53 53 53 53 53 53 53 53 53 53 53 53 53 53 
53 53 53 48 49 50 53 53 53 53 53 53 53 48 49 50 53 53 53 53 53 53 53 48 49 50 53 53 
53 53 53 54 55 56 53 53 53 53 53 53 53 54 55 56 53 53 53 53 53 53 53 54 55 56 53 53 
53 53 53 54 55 57 49 49 49 49 49 49 49 58 55 57 49 49 49 49 49 49 49 58 55 56 53 53 
53 53 53 54 55 55 55 55 55 55 55 55 55 55 55 55 55 55 55 55 55 55 55 55 55 56 53 53 
53 53 53 60 61 61 61 61 52 55 55 51 61 61 61 61 61 52 55 55 51 61 61 61 61 62 53 53 
53 53 53 53 53 53 53 53 60 61 61 62 53 53 53 53 53 60 61 61 62 53 53 53 53 53 53 53 
53 53 53 53 53 53 53 53 53 53 53 53 53 53 53 53 53 53 53 53 53 53 53 53 53 53 53 53 
53 53 53 53 53 53 53 53 53 3 3 53 53 53 53 53 53 53 3 3 53 53 53 53 53 53 53 53 
53 53 47 53 53 53 47 53 47 15 15 47 3 0 0 0 3 47 17 17 47 53 47 53 53 53 47 53 
53 53 53 53 -1 53 53 53 47 27 27 47 0 0 0 0 0 47 47 47 47 53 53 53 53 53 53 0 
53 53 53 53 53 53 53 53 47 46 46 47 53 53 53 53 53 47 46 46 47 53 53 53 53 53 53 53 
