36 36 36 36 36 36 36 36 36 36 36 36 36 36 36 36 36 36 36 36 36 36 36 36 -1 
19 19 19 19 19 19 19 19 19 19 19 19 19 19 19 19 19 19 19 19 19 19 19 19 -1 
19 19 19 19 19 29 29 2 3 4 5 19 19 19 29 29 29 29 29 19 19 19 19 19 -1 
19 19 19 19 19 29 29 20 21 22 23 19 19 19 29 29 29 29 29 19 19 19 19 19 -1 
19 19 19 19 19 29 29 29 29 29 29 19 19 19 29 29 29 29 29 35 19 19 19 19 -1 
19 19 19 19 19 29 29 29 29 29 29 29 29 19 29 29 29 29 29 35 19 19 19 19 -1 
19 19 -1 -1 -1 -1 -1 -1 -1 -1 -1 -1 -1 -1 -1 -1 -1 -1 -1 -1 -1 19 19 19 -1 
19 19 -1 -1 -1 -1 -1 -1 -1 -1 -1 -1 -1 -1 -1 -1 -1 -1 -1 -1 -1 -1 19 19 -1 
19 19 -1 -1 -1 -1 -1 -1 -1 -1 -1 -1 -1 -1 -1 -1 -1 -1 -1 -1 -1 -1 19 19 -1 
19 19 -1 -1 -1 -1 -1 -1 -1 -1 -1 -1 -1 -1 -1 -1 -1 -1 -1 -1 -1 -1 19 19 -1 
19 19 -1 -1 -1 -1 -1 -1 -1 -1 -1 -1 -1 -1 -1 -1 -1 -1 -1 -1 -1 -1 19 19 -1 
19 19 -1 -1 -1 -1 -1 -1 -1 -1 -1 -1 -1 -1 -1 -1 -1 -1 -1 -1 -1 -1 19 19 -1 
19 19 -1 -1 -1 -1 -1 -1 -1 -1 -1 -1 -1 -1 -1 -1 -1 -1 -1 -1 -1 -1 19 19 -1 
19 19 -1 -1 -1 -1 -1 -1 -1 -1 -1 -1 -1 -1 -1 -1 -1 -1 -1 -1 -1 -1 19 19 -1 
19 19 -1 -1 -1 -1 -1 -1 -1 -1 -1 -1 -1 -1 -1 -1 -1 -1 -1 -1 -1 -1 19 19 -1 
19 19 -1 -1 -1 -1 -1 -1 -1 -1 -1 -1 -1 -1 -1 -1 -1 -1 -1 -1 -1 -1 19 19 -1 
19 19 19 19 19 19 19 19 19 19 19 31 31 19 19 19 19 19 19 19 19 19 19 19 -1 
