36 36 36 36 36 36 36 36 36 36 36 36 36 36 36 36 36 36 36 36 36 36 36 36 36 36 36 36 
19 19 19 19 19 19 19 19 19 19 19 19 19 19 19 19 19 19 19 19 19 19 19 19 19 19 19 19 
19 35 28 35 35 35 28 35 35 35 35 35 28 35 35 35 28 35 35 35 35 35 28 35 35 35 28 19 
19 29 34 29 19 29 34 29 29 29 29 29 34 29 19 29 34 29 29 29 29 29 34 29 19 29 34 19 
19 29 40 29 19 29 40 29 29 29 29 29 40 29 19 29 40 29 29 29 29 29 40 29 27 29 40 19 
19 -1 -1 -1 -1 -1 -1 -1 -1 -1 -1 -1 -1 -1 -1 -1 -1 -1 -1 -1 -1 -1 -1 -1 -1 -1 -1 19 
19 -1 -1 -1 -1 -1 -1 -1 -1 -1 -1 -1 -1 -1 -1 -1 -1 -1 -1 -1 -1 -1 -1 -1 -1 -1 -1 19 
19 -1 -1 -1 -1 -1 -1 -1 -1 -1 -1 -1 -1 -1 -1 -1 -1 -1 -1 -1 -1 -1 -1 -1 -1 -1 -1 19 
19 -1 -1 -1 -1 -1 -1 -1 -1 -1 -1 -1 -1 -1 -1 -1 -1 -1 -1 -1 -1 -1 -1 -1 -1 -1 -1 19 
19 -1 -1 -1 -1 -1 -1 -1 -1 -1 -1 -1 -1 -1 -1 -1 -1 -1 -1 -1 -1 -1 -1 -1 -1 -1 -1 19 
19 -1 -1 -1 -1 -1 -1 -1 -1 -1 -1 -1 -1 -1 -1 -1 -1 -1 -1 -1 -1 -1 -1 -1 -1 -1 -1 19 
19 -1 -1 -1 -1 -1 -1 -1 -1 -1 -1 -1 -1 -1 -1 -1 -1 -1 -1 -1 -1 -1 -1 -1 -1 -1 -1 19 
19 -1 -1 -1 -1 -1 -1 -1 -1 -1 -1 -1 -1 -1 -1 -1 -1 -1 -1 -1 -1 -1 -1 -1 -1 -1 -1 19 
19 31 28 31 -1 31 28 31 28 -1 -1 28 31 31 31 31 31 28 -1 -1 28 31 28 31 -1 31 28 19 
19 19 40 19 19 19 40 19 34 -1 -1 34 19 19 19 19 19 34 -1 -1 34 19 40 19 19 19 40 19 
19 19 19 19 19 19 19 19 34 -1 -1 34 19 19 19 19 19 34 -1 -1 34 19 19 19 19 19 19 19 
19 19 19 19 19 19 19 19 34 -1 -1 34 19 19 19 19 19 34 -1 -1 34 19 19 19 19 19 19 19 
