53 53 53 53 53 53 53 53 53 53 53 53 53 53 53 53 53 53 53 53 -1 
53 53 53 53 53 53 53 53 53 53 53 53 53 53 53 53 53 53 53 53 -1 
53 53 53 53 53 53 53 53 53 53 53 53 53 53 53 53 53 53 53 53 -1 
53 53 53 53 53 53 53 53 53 53 53 53 53 53 53 53 53 53 53 53 -1 
53 53 53 53 53 53 53 53 53 53 53 53 53 53 53 53 53 53 53 53 -1 
53 53 53 53 53 53 53 53 53 53 53 53 53 53 53 53 53 53 53 53 -1 
53 53 53 53 53 53 53 53 53 53 53 53 53 53 53 53 53 53 53 53 -1 
53 53 53 53 53 53 53 53 53 53 53 53 53 53 53 53 53 53 53 53 -1 
53 53 53 53 53 53 53 53 53 53 53 53 53 53 53 53 53 53 53 53 -1 
0 53 53 53 53 53 53 53 53 53 53 53 53 53 53 53 53 53 53 0 -1 
0 53 53 53 53 53 53 53 53 53 53 53 53 53 53 53 53 53 53 0 -1 
0 53 53 53 53 53 53 53 53 53 53 53 53 53 53 53 53 53 53 0 -1 
0 53 53 53 53 53 53 53 53 53 53 53 53 53 53 53 53 53 53 0 -1 
0 53 53 53 53 53 53 53 53 53 53 53 53 53 53 53 53 53 53 0 -1 
0 53 53 53 53 53 53 53 53 53 53 53 53 53 53 53 53 53 53 0 -1 
0 0 0 -1 -1 -1 0 0 0 0 0 0 0 0 0 0 0 0 0 0 -1 
