9 9 9 9 9 9 9 9 9 9 9 9 9 9 9 9 9 9 9 9 9 9 9 9 9 9 9 9 9 9 9 9 9 9 9 9 9 9 9 9 9 9 9 0 0 0 0 0 
9 9 9 9 9 9 9 9 9 9 9 9 9 9 9 9 9 9 9 9 9 9 9 9 9 9 9 9 9 9 9 9 9 9 9 9 9 9 9 9 9 9 9 0 0 0 0 0 
9 9 9 3 3 3 3 3 3 3 3 3 3 3 3 3 3 3 3 3 3 3 3 3 3 3 3 3 9 9 9 9 9 9 9 9 9 9 9 9 9 9 9 0 0 0 0 0 
9 9 9 3 9 9 9 9 9 9 9 9 3 3 3 3 3 3 3 3 3 3 3 3 3 0 0 3 9 9 9 9 9 9 9 9 9 9 9 9 9 9 9 0 0 0 0 0 
9 9 9 3 9 9 9 9 9 9 9 9 3 3 3 3 3 3 3 3 3 3 3 3 3 3 3 3 9 9 9 9 9 9 9 9 9 9 9 9 9 9 9 0 0 0 0 0 
9 9 9 3 9 9 9 9 9 9 9 9 3 3 3 3 3 3 3 3 3 3 3 3 3 3 3 3 9 9 9 9 9 9 9 9 9 9 9 9 9 9 9 0 0 0 0 0 
9 9 9 3 9 9 9 9 9 9 9 9 3 3 3 3 3 3 3 3 3 3 3 3 3 3 3 3 9 9 9 9 9 9 9 9 9 9 9 9 9 9 9 0 0 0 0 0 
9 9 9 3 3 3 3 3 3 3 3 3 3 3 3 3 3 3 3 3 3 3 3 3 3 3 3 3 9 9 9 9 9 9 9 9 9 9 9 9 9 9 9 0 0 0 0 0 
9 9 9 3 3 3 3 3 3 3 3 3 3 3 3 3 3 3 3 3 3 3 3 3 3 3 3 3 9 9 9 9 9 9 9 9 9 9 9 9 9 9 9 0 0 0 0 0 
9 9 9 3 9 9 9 9 9 9 9 9 3 3 3 3 3 3 3 3 3 3 3 3 3 3 3 3 9 9 9 9 9 9 9 9 9 9 9 9 9 9 9 0 0 0 0 0 
9 9 9 3 9 9 9 9 9 9 9 9 3 3 3 3 3 3 3 3 3 3 3 3 3 3 3 3 9 9 9 9 9 9 9 9 9 9 9 9 9 9 9 0 0 0 0 0 
9 9 9 3 9 9 9 9 9 9 9 9 3 3 3 3 3 3 3 3 3 3 3 3 3 3 3 3 9 9 9 9 9 9 9 9 9 9 9 9 9 9 9 0 0 0 0 0 
9 9 9 3 9 9 9 9 9 9 9 9 3 3 3 3 3 3 3 3 3 3 3 3 3 3 3 3 9 9 9 9 9 9 9 9 9 9 9 9 9 9 9 0 0 0 0 0 
9 9 9 3 3 3 3 3 3 3 3 3 3 3 3 3 3 3 3 3 3 3 3 3 3 3 3 3 9 9 9 9 9 9 9 9 9 9 9 9 9 9 9 0 0 0 0 0 
9 9 9 3 3 3 3 3 3 3 3 3 3 3 3 3 3 3 3 3 3 3 3 3 3 3 3 3 9 9 9 9 9 9 9 9 9 9 9 9 9 9 9 0 0 0 0 0 
9 9 9 9 5 5 5 9 9 9 9 9 9 9 9 9 9 9 9 9 9 9 9 9 5 5 5 9 9 9 9 9 9 9 9 9 9 9 9 9 9 9 9 0 0 0 0 0 
9 9 9 9 11 11 11 9 9 9 9 9 9 9 9 9 9 9 9 9 9 9 9 9 11 11 11 9 9 9 9 9 9 9 9 9 9 9 9 9 9 9 9 0 0 0 0 0 
9 9 9 9 11 11 11 9 9 9 9 9 9 9 9 9 9 9 9 9 9 9 9 9 11 11 11 9 9 9 9 9 9 9 9 9 9 9 9 9 9 9 9 0 0 0 0 0 
9 9 9 9 11 11 11 9 9 9 9 9 9 9 9 9 9 9 9 9 9 9 9 9 11 11 11 9 9 9 9 9 9 9 9 9 9 9 9 9 9 9 9 0 0 0 0 0 
9 9 9 9 11 11 11 0 0 0 0 0 0 0 0 0 0 0 0 0 0 0 0 0 11 11 11 9 9 9 9 9 9 9 9 9 9 9 9 9 9 9 9 0 0 0 0 0 
9 9 9 9 17 17 17 0 0 0 0 0 0 0 0 0 0 0 0 0 0 0 0 0 16 16 16 9 9 9 9 9 9 9 9 9 9 9 9 9 9 9 9 0 0 0 0 0 
9 9 9 9 1 1 1 0 0 0 0 0 0 0 0 0 0 0 0 0 0 0 0 0 1 1 1 9 9 9 9 9 9 9 9 9 9 9 9 9 9 9 9 0 0 0 0 0 
9 9 9 9 1 1 1 0 0 0 0 0 0 0 0 0 0 0 0 0 0 0 0 0 1 1 1 9 9 0 0 0 0 0 0 9 9 9 9 9 9 9 9 0 0 0 0 0 
9 9 9 9 1 1 1 0 0 0 0 0 0 0 0 0 0 0 0 0 0 0 0 0 1 1 1 9 9 0 0 0 0 0 0 9 9 9 9 9 9 9 9 0 0 0 0 0 
9 9 9 9 1 1 1 0 0 0 0 0 0 0 0 0 0 0 0 0 0 0 0 0 1 1 1 9 9 0 0 0 0 0 0 9 9 9 9 9 9 9 9 0 0 0 0 0 
9 9 9 9 1 1 1 0 0 0 0 0 0 0 0 0 0 0 0 0 0 0 0 0 1 1 1 9 9 0 0 0 0 0 0 9 9 9 9 9 9 9 9 0 0 0 0 0 
9 9 9 9 1 1 1 0 0 0 0 0 0 0 0 0 0 0 0 0 0 0 0 0 1 1 1 9 9 0 0 0 0 0 0 9 9 9 9 9 9 9 9 0 0 0 0 0 
9 9 9 9 1 1 1 0 0 0 0 0 0 0 0 0 0 0 0 0 0 0 0 0 1 1 1 9 9 0 0 0 0 0 0 9 9 9 9 9 9 9 9 0 0 0 0 0 
9 9 9 9 1 1 1 0 0 0 0 0 0 0 0 0 0 0 0 0 0 0 0 0 1 1 1 9 9 0 0 0 0 0 0 9 9 9 9 9 9 9 9 0 0 0 0 0 
9 9 9 9 1 1 1 0 0 0 0 0 0 0 0 0 0 0 0 0 0 0 0 0 1 1 1 0 0 0 0 0 0 0 0 9 9 9 9 9 9 9 9 0 0 0 0 0 
9 9 9 9 1 1 1 0 0 0 0 0 0 0 0 0 0 0 0 0 0 0 0 0 1 1 1 0 0 0 0 0 0 0 0 9 9 9 9 9 9 9 9 0 0 0 0 0 
9 9 9 9 1 1 1 1 1 1 1 1 1 1 1 1 1 1 1 1 1 1 1 1 1 1 1 1 1 1 1 1 1 1 1 9 9 9 9 9 9 9 9 0 0 0 0 0 
9 9 9 9 1 1 1 1 1 1 1 1 1 1 1 1 1 1 1 1 1 1 1 1 1 1 1 1 1 1 1 1 1 1 1 9 9 9 9 9 9 9 9 0 0 0 0 0 
9 9 9 9 1 1 1 1 1 1 1 1 1 1 1 1 1 1 1 1 1 1 1 1 1 1 1 1 1 1 1 1 1 1 1 9 9 9 9 9 9 9 9 0 0 0 0 0 
9 9 9 9 0 0 0 0 0 0 0 0 0 0 1 1 1 0 0 0 0 0 0 0 0 0 0 0 0 0 0 0 0 0 0 9 9 9 9 9 9 9 9 0 0 0 0 0 
9 9 9 9 0 0 0 0 0 0 0 0 0 0 1 1 1 0 0 0 0 0 0 0 0 0 0 0 0 0 0 0 0 0 0 9 9 9 9 9 9 9 9 0 0 0 0 0 
9 9 9 9 1 1 1 1 1 1 1 1 1 1 1 1 1 9 9 9 9 9 9 9 9 9 9 9 9 9 9 9 9 9 9 9 9 9 9 9 9 9 9 0 0 0 0 0 
9 9 9 9 1 1 1 1 1 1 1 1 1 1 1 1 1 9 9 9 9 9 9 9 9 9 9 9 9 9 9 9 9 9 9 9 9 9 9 9 9 9 9 0 0 0 0 0 
9 9 9 9 1 1 1 1 1 1 1 1 1 1 1 1 1 9 9 9 9 9 9 9 9 9 9 9 9 9 9 9 9 9 9 9 9 9 9 9 9 9 9 0 0 0 0 0 
9 9 9 9 1 1 1 1 1 1 1 1 1 1 1 1 1 9 9 9 9 9 9 9 9 9 9 9 9 9 9 9 9 9 9 9 9 9 9 9 9 9 9 0 0 0 0 0 
9 9 9 9 1 1 1 1 1 1 1 1 1 1 1 1 1 9 9 9 9 9 9 9 9 9 9 9 9 9 9 9 9 9 9 9 9 9 9 9 9 9 9 0 0 0 0 0 
9 9 9 9 0 0 1 1 0 0 0 0 0 0 1 1 1 9 9 9 9 9 9 9 9 9 9 9 9 9 9 9 9 9 9 9 9 9 9 9 9 9 9 0 0 0 0 0 
9 9 9 9 0 0 1 1 0 0 0 0 0 0 1 1 1 9 9 9 9 9 9 9 9 9 9 9 9 9 9 9 9 9 9 9 9 9 9 9 9 9 9 0 0 0 0 0 
9 9 9 9 1 1 1 1 1 1 1 1 1 1 1 1 1 9 9 9 9 9 9 9 9 9 9 9 9 9 9 9 9 9 9 9 9 9 9 9 9 9 9 0 0 0 0 0 
9 9 9 9 1 1 1 1 1 1 1 1 1 1 1 1 1 9 9 9 9 9 9 9 9 9 9 9 9 9 9 9 9 9 9 9 9 9 9 9 9 9 9 0 0 0 0 0 
9 9 9 9 0 0 0 0 0 0 0 0 0 0 4 4 4 9 9 9 9 9 9 9 9 9 9 9 9 9 9 9 9 9 9 9 9 9 9 9 9 9 9 0 0 0 0 0 
9 9 9 9 0 0 0 0 0 0 0 0 0 0 11 11 11 9 9 9 9 9 9 9 9 9 9 9 9 9 9 9 9 9 9 9 9 9 9 9 9 9 9 0 0 0 0 0 
9 9 9 9 9 9 9 9 9 9 9 9 9 9 11 11 11 9 9 9 9 9 9 9 9 9 9 9 9 9 9 9 9 9 9 9 9 9 9 9 9 9 9 0 0 0 0 0 
9 9 9 9 9 9 9 9 9 9 9 9 9 9 11 11 11 9 9 9 9 9 9 9 9 9 9 9 9 9 9 9 9 9 9 9 9 9 9 9 9 9 9 0 0 0 0 0 
9 9 9 9 9 9 9 9 9 9 9 9 9 9 11 11 11 9 9 9 9 9 9 9 9 9 9 9 9 9 9 9 9 9 9 9 9 9 9 9 9 9 9 0 0 0 0 0 
9 9 9 9 9 9 9 9 9 9 9 9 9 9 11 11 11 0 0 0 0 0 0 0 0 0 0 0 0 9 9 0 0 0 0 0 0 0 9 9 9 9 9 0 0 0 0 0 
9 9 9 9 9 9 9 9 9 9 9 9 9 9 16 16 16 0 0 0 0 0 0 0 0 0 0 0 0 9 9 0 0 0 0 0 0 0 9 9 9 9 9 0 0 0 0 0 
9 9 9 9 9 9 9 9 9 9 9 9 9 9 1 1 1 0 0 0 0 0 0 0 0 0 0 0 0 9 9 0 0 0 0 0 0 0 9 9 9 9 9 0 0 0 0 0 
9 9 9 9 9 9 9 9 9 9 9 9 9 9 1 1 1 0 0 0 0 0 0 0 0 0 0 0 0 9 9 0 0 0 0 0 0 0 9 9 9 9 9 0 0 0 0 0 
9 9 9 9 9 9 9 9 9 9 9 9 9 9 1 1 1 0 0 0 0 0 0 0 0 0 0 0 0 9 9 0 0 0 0 0 0 0 9 9 9 9 9 0 0 0 0 0 
9 9 9 9 9 9 9 9 9 9 9 9 9 9 1 1 1 0 0 0 0 0 0 0 0 0 0 0 0 9 9 0 0 0 0 0 0 0 9 9 9 9 9 0 0 0 0 0 
9 9 9 9 9 9 9 9 9 9 9 9 9 9 1 1 1 0 0 0 0 0 0 0 0 0 0 0 0 9 9 0 0 0 0 0 0 0 9 9 9 9 9 0 0 0 0 0 
9 9 9 0 0 0 0 0 0 0 0 0 0 0 1 1 1 0 0 0 0 0 0 0 0 0 0 0 0 9 9 0 0 0 0 0 0 0 9 9 9 9 9 0 0 0 0 0 
9 9 9 0 0 0 0 0 0 0 0 0 0 0 1 1 1 0 0 0 0 0 0 0 0 0 0 0 0 0 0 0 0 0 0 0 0 0 1 0 0 0 9 0 0 0 0 0 
9 9 9 0 0 0 0 0 0 0 0 0 0 0 1 1 1 0 0 0 0 0 0 0 0 0 0 0 0 0 0 0 0 0 0 0 0 0 1 0 0 0 9 0 0 0 0 0 
9 9 9 1 1 1 1 1 1 1 1 1 1 1 1 1 1 1 1 1 1 1 1 1 1 1 1 1 1 1 1 1 1 1 1 1 1 1 1 1 1 1 9 0 0 0 0 0 
9 9 9 1 1 1 1 1 1 1 1 1 1 1 1 1 1 1 1 1 1 1 1 1 1 1 1 1 1 1 1 1 1 1 1 1 1 1 1 1 1 1 9 0 0 0 0 0 
9 9 9 1 1 1 1 1 1 1 1 1 1 1 1 1 1 1 1 1 1 1 1 1 1 1 1 1 1 1 1 1 1 1 1 1 1 1 1 1 1 1 9 0 0 0 0 0 
9 9 9 1 1 1 1 1 1 1 1 1 1 1 1 1 1 1 1 1 1 1 1 1 1 1 1 1 1 1 1 1 1 1 1 1 1 1 1 1 1 1 9 0 0 0 0 0 
9 9 9 0 0 0 0 0 0 0 0 0 0 0 1 1 1 0 0 0 0 0 0 0 0 0 0 0 0 0 0 0 0 0 0 0 0 0 0 0 0 0 9 0 0 0 0 0 
9 9 9 0 0 0 0 0 0 0 0 0 0 0 1 1 1 0 0 0 0 0 0 0 0 0 0 0 0 0 0 0 0 0 0 0 0 0 0 0 0 0 9 0 0 0 0 0 
9 9 9 9 9 9 9 9 9 9 9 9 9 9 1 1 1 9 0 0 0 0 0 0 0 0 0 0 0 0 0 0 0 0 0 0 0 0 0 0 0 0 9 0 0 0 0 0 
9 9 9 9 9 9 9 9 9 9 9 9 9 9 1 1 1 9 0 0 0 0 0 0 0 0 0 0 0 0 0 0 0 0 0 0 0 0 0 0 0 0 9 0 0 0 0 0 
9 9 9 9 9 9 9 9 9 9 9 9 9 9 1 1 1 9 0 0 0 0 0 0 0 0 0 0 0 0 0 0 0 0 0 0 0 0 0 0 0 0 9 0 0 0 0 0 
9 9 9 9 9 9 9 9 9 9 9 9 9 9 1 1 1 9 0 0 0 0 0 0 0 0 0 0 0 0 0 0 0 0 0 0 0 0 0 0 0 0 9 0 0 0 0 0 
9 9 9 9 9 9 9 9 9 9 9 9 9 9 1 1 1 9 0 0 0 0 0 0 0 0 0 0 0 0 0 0 0 0 0 0 0 0 0 0 0 0 9 0 0 0 0 0 
9 9 9 9 9 9 9 9 9 9 9 9 9 9 1 1 1 9 0 0 0 0 0 0 0 0 0 0 0 0 0 0 0 0 0 0 0 0 0 0 0 0 9 0 0 0 0 0 
9 9 9 9 9 9 9 9 9 9 9 9 9 9 1 1 1 9 0 0 0 0 0 0 0 0 0 0 0 0 0 0 0 0 0 0 0 0 0 0 0 0 9 0 0 0 0 0 
9 9 9 9 9 9 9 9 9 9 9 9 9 9 1 1 1 9 0 0 0 0 0 0 0 0 0 0 0 0 0 0 0 0 0 0 0 0 0 0 0 0 9 0 0 0 0 0 
9 9 9 9 9 9 9 9 9 9 9 9 9 9 1 1 1 9 0 0 0 0 0 0 0 0 0 0 0 0 0 0 0 0 0 0 0 0 0 0 0 0 9 0 0 0 0 0 
9 9 9 9 9 9 9 9 9 9 9 9 9 9 1 1 1 9 0 0 0 0 0 0 0 0 0 0 0 0 0 0 0 0 0 0 0 0 0 0 0 0 9 0 0 0 0 0 
9 9 9 9 9 9 9 9 9 9 9 9 9 9 1 1 1 9 0 0 0 0 0 0 0 0 0 0 0 0 0 0 0 0 0 0 0 0 0 0 0 0 9 0 0 0 0 0 
9 9 9 9 9 9 9 9 9 9 9 9 9 9 1 1 1 1 1 1 1 1 1 1 1 1 1 1 1 1 1 1 1 1 1 1 1 1 1 1 1 1 9 0 0 0 0 0 
9 9 9 9 9 9 9 9 9 9 9 9 9 9 1 1 1 1 1 1 1 1 1 1 1 1 1 1 1 1 1 1 1 1 1 1 1 1 1 1 1 1 9 0 0 0 0 0 
9 9 9 9 9 9 9 9 9 9 9 9 9 9 1 1 1 1 1 1 1 1 1 1 1 1 1 1 1 1 1 1 1 1 1 1 1 1 1 1 1 1 9 0 0 0 0 0 
9 9 9 9 9 9 9 9 9 9 9 9 9 9 4 4 4 0 0 0 0 0 0 0 0 0 0 0 0 0 0 0 0 0 0 0 0 0 0 0 0 0 9 0 0 0 0 0 
9 9 9 9 9 9 9 9 9 9 9 9 9 9 10 10 10 0 0 0 0 0 0 0 0 0 0 0 0 0 0 0 0 0 0 0 0 0 0 0 0 0 9 0 0 0 0 0 
9 9 9 9 9 9 9 9 9 9 9 9 9 9 10 10 10 9 9 9 9 9 9 9 9 9 9 9 9 9 9 9 9 9 9 9 9 9 9 9 9 9 9 0 0 0 0 0 
9 9 9 9 9 9 9 9 9 9 9 9 9 9 10 10 10 9 9 9 9 9 9 9 9 9 9 9 9 9 9 9 9 9 9 9 9 9 9 9 9 9 9 0 0 0 0 0 
9 9 9 9 9 9 9 9 9 9 9 9 9 9 10 10 10 9 9 9 9 9 9 9 9 9 9 9 9 9 9 9 9 9 9 9 9 9 9 9 9 9 9 0 0 0 0 0 
9 0 0 0 0 0 0 0 0 0 0 0 0 0 16 16 16 9 9 9 9 9 9 9 9 9 9 9 9 9 9 9 9 9 9 9 9 9 9 9 9 9 9 0 0 0 0 0 
9 0 0 0 0 0 0 0 0 0 0 0 0 0 16 16 16 9 9 9 9 9 9 9 9 9 9 9 9 9 9 9 9 9 9 9 9 9 9 9 9 9 9 0 0 0 0 0 
9 0 0 0 0 0 0 0 0 0 0 0 0 0 1 1 1 9 9 9 9 9 9 9 9 9 9 9 9 9 9 9 9 9 9 9 9 9 9 9 9 9 9 0 0 0 0 0 
9 0 0 0 0 0 0 0 0 0 0 0 0 0 1 1 1 9 9 9 9 9 9 9 9 9 9 9 9 9 9 9 9 9 9 9 9 9 9 9 9 9 9 0 0 0 0 0 
9 0 0 0 0 0 0 0 0 0 0 0 0 0 1 1 1 9 9 9 9 9 9 9 9 9 9 9 9 9 9 9 9 9 9 9 9 9 9 9 9 9 9 0 0 0 0 0 
9 0 0 0 0 0 0 0 0 0 0 0 0 0 1 1 1 9 9 9 9 9 9 9 9 9 9 9 9 9 9 9 9 9 9 9 9 9 9 9 9 9 9 0 0 0 0 0 
9 0 0 0 0 0 0 0 0 0 0 0 0 0 1 1 1 9 9 9 9 9 9 9 9 9 9 9 9 9 9 9 9 9 9 9 9 9 9 9 9 9 9 0 0 0 0 0 
9 0 0 0 0 0 0 0 0 0 0 0 0 0 1 1 1 9 9 9 9 9 9 9 9 9 9 9 9 9 9 9 9 9 9 9 9 9 9 9 9 9 9 0 0 0 0 0 
9 0 0 0 0 0 0 0 0 0 0 0 0 0 1 1 1 9 9 9 9 9 9 9 9 9 9 9 9 9 9 9 9 9 9 9 9 9 9 9 9 9 9 0 0 0 0 0 
9 0 0 0 0 0 0 0 0 0 0 0 0 0 1 1 1 9 9 9 9 9 9 9 9 9 9 9 9 9 9 9 9 9 9 9 9 9 9 9 9 9 9 0 0 0 0 0 
9 0 0 0 0 0 0 0 0 0 0 0 0 0 1 1 1 9 9 9 9 9 9 9 9 9 9 9 9 9 9 9 9 9 9 9 9 9 9 9 9 9 9 0 0 0 0 0 
9 0 0 0 0 0 0 0 0 0 0 0 0 0 1 1 1 9 9 9 9 9 9 9 9 9 9 9 9 9 9 9 9 9 9 9 9 9 9 9 9 9 9 0 0 0 0 0 
9 1 1 1 1 1 1 1 1 1 1 1 1 1 1 1 1 9 9 9 9 9 9 9 9 9 9 9 9 9 9 9 9 9 9 9 9 9 9 9 9 9 9 0 0 0 0 0 
9 1 1 1 1 1 1 1 1 1 1 1 1 1 1 1 1 9 9 9 9 9 9 9 9 9 9 9 9 9 9 9 9 9 9 9 9 9 9 9 9 9 9 0 0 0 0 0 
9 1 1 1 1 1 1 1 1 1 1 1 1 1 1 1 1 9 9 9 9 9 9 9 9 9 9 9 9 9 9 9 9 9 9 9 9 9 9 9 9 9 9 0 0 0 0 0 
9 1 1 1 1 1 1 1 1 1 1 1 1 1 1 1 1 9 9 9 9 9 9 9 9 9 9 9 9 9 9 9 9 9 9 9 9 9 9 9 9 9 9 0 0 0 0 0 
9 0 0 0 0 0 0 0 0 0 0 0 0 0 1 1 1 9 9 9 9 9 9 9 9 9 9 9 9 9 9 9 9 9 9 9 9 9 9 9 9 9 9 0 0 0 0 0 
9 0 0 0 0 0 0 0 0 0 0 0 0 0 1 1 1 9 9 9 9 9 9 9 9 9 9 9 9 9 9 9 9 9 9 9 9 9 9 9 9 9 9 0 0 0 0 0 
9 9 9 9 9 9 9 9 9 9 9 9 9 9 1 1 1 9 9 9 9 9 9 9 9 9 9 9 9 9 9 9 9 9 9 9 9 9 9 9 9 9 9 0 0 0 0 0 
9 9 9 9 9 9 9 9 9 9 9 9 9 9 1 1 1 9 9 9 9 9 9 9 9 9 9 9 9 9 9 9 9 9 9 9 9 9 9 9 9 9 9 0 0 0 0 0 
9 0 0 0 0 0 0 0 0 9 9 9 9 9 1 1 1 9 9 9 9 9 9 9 9 9 9 9 9 9 9 9 9 9 9 9 9 9 9 9 9 9 9 0 0 0 0 0 
9 0 0 0 0 0 0 0 0 9 9 9 9 9 1 1 1 9 9 9 9 9 9 9 9 9 9 9 9 9 9 9 9 9 9 9 9 9 9 9 9 9 9 0 0 0 0 0 
9 0 0 0 0 0 0 0 0 9 9 9 9 9 1 1 1 9 9 9 9 9 9 9 9 9 9 9 9 9 9 9 9 9 9 9 9 9 9 9 9 9 9 0 0 0 0 0 
9 0 0 0 0 0 0 0 0 9 9 9 9 9 1 1 1 9 9 9 9 9 9 9 9 9 9 9 9 9 9 9 9 9 9 9 9 9 9 9 9 9 9 0 0 0 0 0 
9 0 0 0 0 0 0 0 0 9 9 9 9 9 1 1 1 9 9 9 9 9 9 9 9 9 9 9 9 9 9 9 9 9 9 9 9 9 9 9 9 9 9 0 0 0 0 0 
9 0 0 0 0 0 0 0 0 9 9 9 9 9 1 1 1 9 9 9 9 9 9 9 9 9 9 9 9 9 9 9 9 9 9 9 9 9 9 9 9 9 9 0 0 0 0 0 
9 0 0 0 0 0 0 0 0 -1 -1 -1 -1 -1 1 1 1 9 9 9 9 9 9 9 9 9 9 9 9 9 9 9 9 9 9 9 9 9 9 9 9 9 9 0 0 0 0 0 
9 0 0 0 0 0 0 0 0 -1 -1 -1 -1 -1 1 1 1 9 9 9 9 9 9 9 9 9 9 9 9 9 9 9 9 9 9 9 9 9 9 9 9 9 9 0 0 0 0 0 
9 1 1 1 1 1 1 1 1 1 1 1 1 1 1 1 1 9 9 9 9 9 9 9 9 9 9 9 9 9 9 9 9 9 9 9 9 9 9 9 9 9 9 0 0 0 0 0 
9 1 1 1 1 1 1 1 1 1 1 1 1 1 1 1 1 9 9 9 9 9 9 9 9 9 9 9 9 9 9 9 9 9 9 9 9 9 9 9 9 9 9 0 0 0 0 0 
9 1 1 1 1 1 1 1 1 1 1 1 1 1 1 1 1 9 9 9 9 9 9 9 9 9 9 9 9 9 9 9 9 9 9 9 9 9 9 9 9 9 9 0 0 0 0 0 
9 0 0 0 0 0 0 0 0 0 0 0 0 0 0 0 0 9 9 9 9 9 9 9 9 9 9 9 9 9 9 9 9 9 9 9 9 9 9 9 9 9 9 0 0 0 0 0 
9 0 0 0 0 0 0 0 0 0 0 0 0 0 0 0 0 9 9 9 9 9 9 9 9 9 9 9 9 9 9 9 9 9 9 9 9 9 9 9 9 9 9 0 0 0 0 0 
9 9 9 9 9 9 9 9 9 9 9 9 9 9 9 9 9 9 9 9 9 9 9 9 9 9 9 9 9 9 9 9 9 9 9 9 9 9 9 9 9 9 9 0 0 0 0 0 
